JOB=1:
152,153,154,666,667,668,669,670,671,933,934,935,1087,1088,1089,1263,1264,1265,1340,1341,1342,1579,1580,1581
23,24,25,26,27,28,29,30,31,32,33,177,178,179,180,181,182,183,184,185,186,187,628,629,630,631,632,633,634,635,636,637,638,771,772,773,774,775,776,777,778,779,780,781,1068,1069,1070,1071,1072,1073,1074,1075,1076,1077,1078,1112,1113,1114,1115,1116,1117,1118,1119,1120,1121,1122,1123,1124,1125,1126,1127,1128,1129,1130,1131,1132,1133,1134,1135,1136,1137,1138,1139,1140,1141,1142,1143,1144,1277,1278,1279,1280,1281,1282,1283,1284,1285,1286,1287

JOB=2:
9,10,11,72,73,74,152,153,154,207,208,209,303,304,305,317,318,319,416,417,418,424,425,426,460,461,462,655,656,657,867,868,869,875,876,877,944,945,946,1238,1239,1240,1527,1528,1529
111,112,113,114,115,116,117,118,119,120,121,122,123,124,125,126,127,128,129,130,131,132,265,266,267,268,269,270,271,272,273,274,275,485,486,487,488,489,490,491,492,493,494,495,628,629,630,631,632,633,634,635,636,637,638,793,794,795,796,797,798,799,800,801,802,803,1024,1025,1026,1027,1028,1029,1030,1031,1032,1033,1034,1156,1157,1158,1159,1160,1161,1162,1163,1164,1165,1166,1508,1509,1510,1511,1512,1513,1514,1515,1516,1517,1518

JOB=3:
9,10,11,86,87,88,141,142,143,336,337,338,347,348,349,732,733,734,897,898,899,941,942,943,944,945,946,999,1000,1001,1043,1044,1045,1098,1099,1100,1109,1110,1111,1395,1396,1397,1582,1583,1584
144,145,146,147,148,149,150,151,152,153,154,474,475,476,477,478,479,480,481,482,483,484,540,541,542,543,544,545,546,547,548,549,550,672,673,674,675,676,677,678,679,680,681,682,815,816,817,818,819,820,821,822,823,824,825,870,871,872,873,874,875,876,877,878,879,880,958,959,960,961,962,963,964,965,966,967,968,969,970,971,972,973,974,975,976,977,978,979,1431,1432,1433,1434,1435,1436,1437,1438,1439,1440,1441

JOB=4:
405,406,407,600,601,602,691,692,693,699,700,701,721,722,723,746,747,748,908,909,910,974,975,976,1117,1118,1119,1161,1162,1163,1230,1231,1232,1348,1349,1350,1480,1481,1482,1491,1492,1493,1524,1525,1526
67,68,69,70,71,72,73,74,75,76,77,276,277,278,279,280,281,282,283,284,285,286,309,310,311,312,313,314,315,316,317,318,319,342,343,344,345,346,347,348,349,350,351,352,419,420,421,422,423,424,425,426,427,428,429,1277,1278,1279,1280,1281,1282,1283,1284,1285,1286,1287,1310,1311,1312,1313,1314,1315,1316,1317,1318,1319,1320,1453,1454,1455,1456,1457,1458,1459,1460,1461,1462,1463

JOB=5:
108,109,110,446,447,448,655,656,657,966,967,968,1087,1088,1089,1208,1209,1210,1274,1275,1276,1337,1338,1339,1348,1349,1350
166,167,168,169,170,171,172,173,174,175,176,199,200,201,202,203,204,205,206,207,208,209,507,508,509,510,511,512,513,514,515,516,517,727,728,729,730,731,732,733,734,735,736,737,1123,1124,1125,1126,1127,1128,1129,1130,1131,1132,1133,1189,1190,1191,1192,1193,1194,1195,1196,1197,1198,1199,1222,1223,1224,1225,1226,1227,1228,1229,1230,1231,1232,1310,1311,1312,1313,1314,1315,1316,1317,1318,1319,1320,1464,1465,1466,1467,1468,1469,1470,1471,1472,1473,1474

JOB=6:
53,54,55,149,150,151,204,205,206,270,271,272,295,296,297,372,373,374,380,381,382,702,703,704,721,722,723,768,769,770,831,832,833,834,835,836,900,901,902,1040,1041,1042,1095,1096,1097,1183,1184,1185,1296,1297,1298,1337,1338,1339
342,343,344,345,346,347,348,349,350,351,352,529,530,531,532,533,534,535,536,537,538,539,562,563,564,565,566,567,568,569,570,571,572,617,618,619,620,621,622,623,624,625,626,627,661,662,663,664,665,666,667,668,669,670,671,958,959,960,961,962,963,964,965,966,967,968,1200,1201,1202,1203,1204,1205,1206,1207,1208,1209,1210,1321,1322,1323,1324,1325,1326,1327,1328,1329,1330,1331,1398,1399,1400,1401,1402,1403,1404,1405,1406,1407,1408

JOB=7:
141,142,143,149,150,151,182,183,184,446,447,448,460,461,462,523,524,525,545,546,547,713,714,715,856,857,858,897,898,899,930,931,932,974,975,976,977,978,979,1120,1121,1122,1271,1272,1273,1282,1283,1284,1395,1396,1397,1483,1484,1485,1560,1561,1562
56,57,58,59,60,61,62,63,64,65,66,342,343,344,345,346,347,348,349,350,351,352,628,629,630,631,632,633,634,635,636,637,638,672,673,674,675,676,677,678,679,680,681,682,859,860,861,862,863,864,865,866,867,868,869,1200,1201,1202,1203,1204,1205,1206,1207,1208,1209,1210,1233,1234,1235,1236,1237,1238,1239,1240,1241,1242,1243,1310,1311,1312,1313,1314,1315,1316,1317,1318,1319,1320,1321,1322,1323,1324,1325,1326,1327,1328,1329,1330,1331

JOB=8:
127,128,129,314,315,316,457,458,459,658,659,660,812,813,814,966,967,968,1018,1019,1020,1021,1022,1023,1051,1052,1053,1087,1088,1089,1106,1107,1108,1109,1110,1111,1150,1151,1152,1296,1297,1298,1304,1305,1306,1395,1396,1397,1527,1528,1529,1549,1550,1551
100,101,102,103,104,105,106,107,108,109,110,122,123,124,125,126,130,131,132,254,255,256,257,258,259,260,261,262,263,264,309,310,311,312,313,317,318,319,573,574,575,576,577,578,579,580,581,582,583,617,618,619,620,621,622,623,624,625,626,627,1101,1102,1103,1104,1105,1398,1399,1400,1401,1402,1403,1404,1405,1406,1407,1408,1530,1531,1532,1533,1534,1535,1536,1537,1538,1539,1540

JOB=9:
130,131,132,141,142,143,196,197,198,493,494,495,732,733,734,1054,1055,1056,1128,1129,1130,1139,1140,1141,1263,1264,1265,1293,1294,1295,1439,1440,1441,1480,1481,1482,1483,1484,1485
111,112,113,114,115,116,117,118,119,120,121,221,222,223,224,225,226,227,228,229,230,231,452,453,454,455,456,457,458,459,460,461,462,507,508,509,510,511,512,513,514,515,516,517,661,662,663,664,665,666,667,668,669,670,671,815,816,817,818,819,820,821,822,823,824,825,1266,1267,1268,1269,1270,1271,1272,1273,1274,1275,1276,1354,1355,1356,1357,1358,1359,1360,1361,1362,1363,1364,1365,1366,1367,1368,1369,1370,1371,1372,1373,1374,1375

JOB=10:
284,285,286,306,307,308,779,780,781,820,821,822,889,890,891,897,898,899,1098,1099,1100,1263,1264,1265,1329,1330,1331,1436,1437,1438,1472,1473,1474,1516,1517,1518
89,90,91,92,93,94,95,96,97,98,99,309,310,311,312,313,314,315,316,317,318,319,320,321,322,323,324,325,326,327,328,329,330,342,343,344,345,346,347,348,349,350,351,352,507,508,509,510,511,512,513,514,515,516,517,518,519,520,521,522,523,524,525,526,527,528,617,618,619,620,621,622,623,624,625,626,627,760,761,762,763,764,765,766,767,768,769,770,1068,1069,1070,1071,1072,1073,1074,1075,1076,1077,1078

JOB=11:
171,172,173,229,230,231,237,238,239,251,252,253,259,260,261,438,439,440,460,461,462,765,766,767,955,956,957,1007,1008,1009,1040,1041,1042,1329,1330,1331,1527,1528,1529,1535,1536,1537,1571,1572,1573
397,398,399,400,401,402,403,404,405,406,407,485,486,487,488,489,490,491,492,493,494,495,518,519,520,521,522,523,524,525,526,527,528,562,563,564,565,566,567,568,569,570,571,572,705,706,707,708,709,710,711,712,713,714,715,727,728,729,730,731,732,733,734,735,736,737,738,739,740,741,742,743,744,745,746,747,748,1497,1498,1499,1500,1501,1502,1503,1504,1505,1506,1507,1530,1531,1532,1533,1534,1538,1539,1540

JOB=12:
138,139,140,174,175,176,501,502,503,589,590,591,724,725,726,754,755,756,1216,1217,1218,1307,1308,1309,1370,1371,1372,1549,1550,1551,1568,1569,1570
331,332,333,334,335,336,337,338,339,340,341,342,343,344,345,346,347,348,349,350,351,352,408,409,410,411,412,413,414,415,416,417,418,694,695,696,697,698,699,700,701,702,703,704,738,739,740,741,742,743,744,745,746,747,748,936,937,938,939,940,941,942,943,944,945,946,1057,1058,1059,1060,1061,1062,1063,1064,1065,1066,1067,1453,1454,1455,1456,1457,1458,1459,1460,1461,1462,1463,1563,1564,1565,1566,1567,1571,1572,1573

JOB=13:
53,54,55,141,142,143,160,161,162,182,183,184,193,194,195,314,315,316,490,491,492,787,788,789,988,989,990,1018,1019,1020,1054,1055,1056,1106,1107,1108,1450,1451,1452,1524,1525,1526
45,46,47,48,49,50,51,52,342,343,344,345,346,347,348,349,350,351,352,397,398,399,400,401,402,403,404,405,406,407,507,508,509,510,511,512,513,514,515,516,517,683,684,685,686,687,688,689,690,691,692,693,837,838,839,840,841,842,843,844,845,846,847,1222,1223,1224,1225,1226,1227,1228,1229,1230,1231,1232,1420,1421,1422,1423,1424,1425,1426,1427,1428,1429,1430,1464,1465,1466,1467,1468,1469,1470,1471,1472,1473,1474

JOB=14:
31,32,33,119,120,121,237,238,239,240,241,242,325,326,327,457,458,459,504,505,506,548,549,550,911,912,913,1109,1110,1111,1150,1151,1152,1359,1360,1361,1425,1426,1427,1447,1448,1449
166,167,168,169,170,171,172,173,174,175,176,243,244,245,246,247,248,249,250,251,252,253,320,321,322,323,324,328,329,330,540,541,542,543,544,545,546,547,892,893,894,895,896,897,898,899,900,901,902,969,970,971,972,973,974,975,976,977,978,979,1079,1080,1081,1082,1083,1084,1085,1086,1087,1088,1089,1321,1322,1323,1324,1325,1326,1327,1328,1329,1330,1331,1541,1542,1543,1544,1545,1546,1547,1548,1549,1550,1551

JOB=15:
39,40,41,94,95,96,141,142,143,193,194,195,259,260,261,383,384,385,413,414,415,622,623,624,644,645,646,867,868,869,930,931,932,933,934,935,1106,1107,1108,1161,1162,1163,1219,1220,1221,1230,1231,1232,1293,1294,1295,1304,1305,1306,1447,1448,1449,1560,1561,1562
12,13,14,15,16,17,18,19,20,21,22,111,112,113,114,115,116,117,118,119,120,121,386,387,388,389,390,391,392,393,394,395,396,430,431,432,433,434,435,436,437,438,439,440,452,453,454,455,456,457,458,459,460,461,462,760,761,762,763,764,765,766,767,768,769,770,859,860,861,862,863,864,865,866,925,926,927,928,929,1211,1212,1213,1214,1215,1216,1217,1218

JOB=16:
182,183,184,358,359,360,732,733,734,735,736,737,743,744,745,834,835,836,908,909,910,919,920,921,1007,1008,1009,1263,1264,1265,1417,1418,1419,1480,1481,1482,1516,1517,1518
100,101,102,103,104,105,106,107,108,109,110,254,255,256,257,258,259,260,261,262,263,264,265,266,267,268,269,270,271,272,273,274,275,276,277,278,279,280,281,282,283,284,285,286,804,805,806,807,808,809,810,811,812,813,814,870,871,872,873,874,875,876,877,878,879,880,958,959,960,961,962,963,964,965,966,967,968,1068,1069,1070,1071,1072,1073,1074,1075,1076,1077,1078,1431,1432,1433,1434,1435,1436,1437,1438,1439,1440,1441

JOB=17:
39,40,41,116,117,118,138,139,140,152,153,154,185,186,187,229,230,231,284,285,286,446,447,448,449,450,451,589,590,591,622,623,624,856,857,858,1029,1030,1031,1117,1118,1119,1194,1195,1196,1219,1220,1221,1425,1426,1427
111,112,113,114,115,119,120,121,628,629,630,631,632,633,634,635,636,637,638,771,772,773,774,775,776,777,778,779,780,781,991,992,993,994,995,996,997,998,999,1000,1001,1178,1179,1180,1181,1182,1183,1184,1185,1186,1187,1188,1233,1234,1235,1236,1237,1238,1239,1240,1241,1242,1243,1332,1333,1334,1335,1336,1337,1338,1339,1340,1341,1342,1563,1564,1565,1566,1567,1568,1569,1570,1571,1572,1573

JOB=18:
160,161,162,185,186,187,196,197,198,218,219,220,515,516,517,713,714,715,757,758,759,765,766,767,779,780,781,1216,1217,1218,1318,1319,1320
23,24,25,26,27,28,29,30,31,32,33,386,387,388,389,390,391,392,393,394,395,396,430,431,432,433,434,435,436,437,438,439,440,529,530,531,532,533,534,535,536,537,538,539,727,728,729,730,731,732,733,734,735,736,737,1035,1036,1037,1038,1039,1040,1041,1042,1043,1044,1045,1090,1091,1092,1093,1094,1095,1096,1097,1098,1099,1100,1376,1377,1378,1379,1380,1381,1382,1383,1384,1385,1386,1486,1487,1488,1489,1490,1491,1492,1493,1494,1495,1496

JOB=19:
53,54,55,116,117,118,336,337,338,402,403,404,413,414,415,460,461,462,468,469,470,482,483,484,501,502,503,512,513,514,622,623,624,658,659,660,743,744,745,1106,1107,1108,1120,1121,1122,1164,1165,1166,1172,1173,1174,1208,1209,1210,1340,1341,1342,1428,1429,1430,1439,1440,1441,1450,1451,1452,1458,1459,1460
221,222,223,224,225,226,227,228,229,230,231,331,332,333,334,335,339,340,341,551,552,553,554,555,556,557,558,559,560,561,661,662,663,664,665,666,667,668,669,670,671,991,992,993,994,995,996,997,998,999,1000,1001,1079,1080,1081,1082,1083,1084,1085,1086,1087,1088,1089,1244,1245,1246,1247,1248,1249,1250,1251,1252,1253,1254,1365,1366,1367,1368,1369,1370,1371,1372,1373,1374,1375,1552,1553,1554,1555,1556,1557,1558,1559,1560,1561,1562

JOB=20:
295,296,297,691,692,693,702,703,704,724,725,726,776,777,778,864,865,866,1194,1195,1196,1219,1220,1221,1282,1283,1284,1293,1294,1295,1307,1308,1309
221,222,223,224,225,226,227,228,229,230,231,331,332,333,334,335,336,337,338,339,340,341,584,585,586,587,588,589,590,591,592,593,594,738,739,740,741,742,743,744,745,746,747,748,815,816,817,818,819,820,821,822,823,824,825,870,871,872,873,874,875,876,877,878,879,880,991,992,993,994,995,996,997,998,999,1000,1001,1200,1201,1202,1203,1204,1205,1206,1207,1208,1209,1210,1222,1223,1224,1225,1226,1227,1228,1229,1230,1231,1232

JOB=21:
83,84,85,303,304,305,358,359,360,537,538,539,603,604,605,746,747,748,1029,1030,1031,1120,1121,1122,1150,1151,1152,1263,1264,1265,1428,1429,1430
1,2,3,4,5,6,7,8,9,10,11,23,24,25,26,27,28,29,30,31,32,33,67,68,69,70,71,72,73,74,75,76,77,122,123,124,125,126,127,128,129,130,131,132,551,552,553,554,555,556,557,558,559,560,561,936,937,938,939,940,941,942,943,944,945,946,1310,1311,1312,1313,1314,1315,1316,1317,1318,1319,1320,1354,1355,1356,1357,1358,1359,1360,1361,1362,1363,1364,1376,1377,1378,1379,1380,1381,1382,1383,1384,1385,1386

JOB=22:
86,87,88,116,117,118,127,128,129,435,436,437,438,439,440,589,590,591,633,634,635,790,791,792,842,843,844,889,890,891,1194,1195,1196,1318,1319,1320,1351,1352,1353,1362,1363,1364,1406,1407,1408,1428,1429,1430
12,13,14,15,16,17,18,19,20,21,22,386,387,388,389,390,391,392,393,394,395,396,595,596,597,598,599,600,601,602,603,604,605,771,772,773,774,775,776,777,778,779,780,781,958,959,960,961,962,963,964,965,966,967,968,1277,1278,1279,1280,1281,1282,1283,1284,1285,1286,1287,1321,1322,1323,1324,1325,1326,1327,1328,1329,1330,1331,1475,1476,1477,1478,1479,1480,1481,1482,1483,1484,1485,1519,1520,1521,1522,1523,1524,1525,1526,1527,1528,1529

JOB=23:
64,65,66,105,106,107,119,120,121,380,381,382,765,766,767,919,920,921,974,975,976,1062,1063,1064,1142,1143,1144,1263,1264,1265,1483,1484,1485
133,134,135,136,137,138,139,140,141,142,143,518,519,520,521,522,523,524,525,526,527,528,738,739,740,741,742,743,744,745,746,747,748,881,882,883,884,885,886,887,888,889,890,891,1145,1146,1147,1148,1149,1150,1151,1152,1153,1154,1155,1167,1168,1169,1170,1171,1172,1173,1174,1175,1176,1177,1343,1344,1345,1346,1347,1348,1349,1350,1351,1352,1353,1530,1531,1532,1533,1534,1535,1536,1537,1538,1539,1540,1563,1564,1565,1566,1567,1568,1569,1570,1571,1572,1573

JOB=24:
108,109,110,116,117,118,185,186,187,215,216,217,284,285,286,317,318,319,383,384,385,394,395,396,438,439,440,779,780,781,952,953,954,1117,1118,1119,1230,1231,1232,1307,1308,1309,1395,1396,1397,1428,1429,1430,1582,1583,1584
34,35,36,37,38,39,40,41,42,43,44,210,211,212,213,214,218,219,220,221,222,223,224,225,226,227,228,229,230,231,309,310,311,312,313,314,315,316,562,563,564,565,566,567,568,569,570,571,572,1079,1080,1081,1082,1083,1084,1085,1086,1087,1088,1089,1123,1124,1125,1126,1127,1128,1129,1130,1131,1132,1133,1233,1234,1235,1236,1237,1238,1239,1240,1241,1242,1243,1354,1355,1356,1357,1358,1359,1360,1361,1362,1363,1364

JOB=25:
171,172,173,559,560,561,567,568,569,724,725,726,864,865,866,1062,1063,1064,1219,1220,1221,1238,1239,1240
133,134,135,136,137,138,139,140,141,142,143,595,596,597,598,599,600,601,602,603,604,605,628,629,630,631,632,633,634,635,636,637,638,870,871,872,873,874,875,876,877,878,879,880,914,915,916,917,918,919,920,921,922,923,924,936,937,938,939,940,941,942,943,944,945,946,947,948,949,950,951,952,953,954,955,956,957,1035,1036,1037,1038,1039,1040,1041,1042,1043,1044,1045,1101,1102,1103,1104,1105,1106,1107,1108,1109,1110,1111

JOB=26:
9,10,11,50,51,52,226,227,228,262,263,264,372,373,374,380,381,382,383,384,385,405,406,407,438,439,440,581,582,583,666,667,668,699,700,701,732,733,734,878,879,880,930,931,932,1296,1297,1298,1513,1514,1515,1516,1517,1518
12,13,14,15,16,17,18,19,20,21,22,166,167,168,169,170,171,172,173,174,175,176,188,189,190,191,192,193,194,195,196,197,198,474,475,476,477,478,479,480,481,482,483,484,496,497,498,499,500,501,502,503,504,505,506,518,519,520,521,522,523,524,525,526,527,528,617,618,619,620,621,622,623,624,625,626,627,969,970,971,972,973,974,975,976,977,978,979,1310,1311,1312,1313,1314,1315,1316,1317,1318,1319,1320

JOB=27:
240,241,242,284,285,286,317,318,319,350,351,352,380,381,382,468,469,470,581,582,583,633,634,635,655,656,657,1128,1129,1130,1370,1371,1372,1384,1385,1386,1480,1481,1482,1513,1514,1515
265,266,267,268,269,270,271,272,273,274,275,342,343,344,345,346,347,348,349,485,486,487,488,489,490,491,492,493,494,495,672,673,674,675,676,677,678,679,680,681,682,925,926,927,928,929,930,931,932,933,934,935,1310,1311,1312,1313,1314,1315,1316,1317,1318,1319,1320,1332,1333,1334,1335,1336,1337,1338,1339,1340,1341,1342,1354,1355,1356,1357,1358,1359,1360,1361,1362,1363,1364,1574,1575,1576,1577,1578,1579,1580,1581,1582,1583,1584

JOB=28:
361,362,363,369,370,371,578,579,580,710,711,712,996,997,998,999,1000,1001,1007,1008,1009,1172,1173,1174,1219,1220,1221,1285,1286,1287,1395,1396,1397,1436,1437,1438
375,376,377,378,379,380,381,382,383,384,385,441,442,443,444,445,446,447,448,449,450,451,507,508,509,510,511,512,513,514,515,516,517,749,750,751,752,753,754,755,756,757,758,759,760,761,762,763,764,765,766,767,768,769,770,837,838,839,840,841,842,843,844,845,846,847,870,871,872,873,874,875,876,877,878,879,880,1310,1311,1312,1313,1314,1315,1316,1317,1318,1319,1320

JOB=29:
20,21,22,53,54,55,185,186,187,226,227,228,229,230,231,358,359,360,603,604,605,710,711,712,878,879,880,999,1000,1001,1494,1495,1496,1535,1536,1537
45,46,47,48,49,50,51,52,166,167,168,169,170,171,172,173,174,175,176,221,222,223,224,225,331,332,333,334,335,336,337,338,339,340,341,760,761,762,763,764,765,766,767,768,769,770,804,805,806,807,808,809,810,811,812,813,814,848,849,850,851,852,853,854,855,856,857,858,925,926,927,928,929,930,931,932,933,934,935,1376,1377,1378,1379,1380,1381,1382,1383,1384,1385,1386

JOB=30:
273,274,275,303,304,305,427,428,429,713,714,715,812,813,814,897,898,899,1076,1077,1078,1439,1440,1441,1557,1558,1559
23,24,25,26,27,28,29,30,31,32,33,89,90,91,92,93,94,95,96,97,98,99,232,233,234,235,236,237,238,239,240,241,242,298,299,300,301,302,306,307,308,375,376,377,378,379,380,381,382,383,384,385,628,629,630,631,632,633,634,635,636,637,638,958,959,960,961,962,963,964,965,966,967,968,991,992,993,994,995,996,997,998,999,1000,1001,1090,1091,1092,1093,1094,1095,1096,1097,1098,1099,1100

JOB=31:
317,318,319,556,557,558,666,667,668,735,736,737,1065,1066,1067,1120,1121,1122,1153,1154,1155,1205,1206,1207
12,13,14,15,16,17,18,19,20,21,22,133,134,135,136,137,138,139,140,141,142,143,166,167,168,169,170,171,172,173,174,175,176,287,288,289,290,291,292,293,294,295,296,297,628,629,630,631,632,633,634,635,636,637,638,947,948,949,950,951,952,953,954,955,956,957,958,959,960,961,962,963,964,965,966,967,968,1002,1003,1004,1005,1006,1007,1008,1009,1010,1011,1012,1134,1135,1136,1137,1138,1139,1140,1141,1142,1143,1144

JOB=32:
97,98,99,259,260,261,284,285,286,611,612,613,1084,1085,1086,1238,1239,1240,1263,1264,1265,1329,1330,1331,1461,1462,1463,1582,1583,1584
650,651,652,653,654,655,656,657,658,659,660,749,750,751,752,753,754,755,756,757,758,759,1002,1003,1004,1005,1006,1007,1008,1009,1010,1011,1012,1024,1025,1026,1027,1028,1029,1030,1031,1032,1033,1034,1057,1058,1059,1060,1061,1062,1063,1064,1065,1066,1067,1266,1267,1268,1269,1270,1271,1272,1273,1274,1275,1276,1299,1300,1301,1302,1303,1304,1305,1306,1307,1308,1309,1475,1476,1477,1478,1479,1480,1481,1482,1483,1484,1485,1552,1553,1554,1555,1556,1557,1558,1559,1560,1561,1562

